    ***   QUANTITIES OF WHEAT SOLD ON SPECIFIC MARKETS IN FRANCE ***       
                            1825-1855                                      
                                                                           
                                                                           
 SOURCE: ARCHIVES NATIONALES (PARIS): F11* 1779-2678   F11* 2877-2984      
                                                                           
 QUANTITIES ARE EXPRESSED IN HECTOLITRES                                   
                                                                           
 0 MEANS UNAVAILABLE                                                       
                                                                           
 THE TWO FIRST COLUMNS CONTAIN THE POSTAL CODE OF THE AREA                 
                                                                           
 THE NAME OF THE TOWN IS GIVEN IN ABRIDGED FORM WHEN IT HAPPENS TO BE      
 TOO LONG TO BE GIVEN IN FULL                                              
                                                                           
  MR1 means "March, first fortnight"     and so on ...                     
                                                                           
                                                                           
                                                                           
 ======================================================================    
                First part: 1825-1850                                      
                                                                           
  QUANTITIES   1825 1830 1835 1840 1845 1847 1847 1850                     
                MR1  JA1  MR1  JA1  MR2  JA1  MR1  OC1                     
 01 BOURG      1920 0945 1481 1517 1954 0761 3145 1008                     
 01 ST LAURENT 2280 0519 2250 1845 1887 1323 0762 0780                     
 01 PT DE VAUX 0395 0394 0607 0291 0342 0273 1179 0435                     
 01 GEX        0003 0015 0025 0025 0030 0021 0024 0018                     
 01 COLLONGES  0119 0158 0000 0019 0021 0023 0019 0069                     
 02 ST QUENTIN 0911 1529 0710 0347 0651 0964 1203 0384                     
 02 VERVINS    0070 0072 0052 0018 0000 0000 0000 0000                     
 02 LA CAPELLE 0900 0775 0300 0580 0549 0321 0334 0252                     
 02 LA FERE    0310 0210 0030 0072 0115 0075 0154 0031                     
 02 CHAUNY     0240 0255 0072 0066 0065 0008 0060 0030                     
 02 SOISSONS   0023 2657 3026 3595 4530 2553 2110 2230                     
 03 MONTLUCON  0225 0030 0170 0300 0415 0061 0295 0367                     
 03 MTMARAULT  0004 0000 0075 0130 0090 0080 0112 0090                     
 03 GANNAT     0240 0160 0240 0750 0425 0670 1050 0827                     
 03 STPOURCAIN 0340 0646 1858 1527 1764 1104 1274 1010                     
 03 EBREUIL    0274 0190 0190 0255 0165 0211 0590 0228                     
 04 CASTELLANE 0056 0018 0042 0035 0004 0017 0014 0017                     
 04 ENTREVAUX  0014 0016 1250 0007 0010 0003 0004 0012                     
 04 DIGNE      0086 0000 0059 0029 0054 0125 0086 0047                     
 04 RIEZ       0155 0075 0144 0061 0136 0176 0080 0050                     
 04 SEYNE      0015 0023 0090 0072 0083 0047 0114 0058                     
 04 FORCALQUIE 0034 0007 0024 0045 0028 0036 0035 0032                     
 05 GAP        0040 0081 0049 0077 0066 0033 0841 0000                     
 05 ST BONNET  0100 0090 0049 0019 0016 0006 0070 0025                     
 05 SERRES     0050 0045 0044 0012 0024 0024 0032 0025                     
 05 VEYNES     0096 0162 0040 0045 0035 0025 0022 0010                     
 05 EMBRUN     0017 0009 0030 0022 0030 0017 0060 0009                     
 07 JOYEUSE    0094 0085 0160 0090 0050 0014 0020 0043                     
 07 LARGENTIER 0090 0020 0150 0012 0018 0015 0024 0020                     
 07 VANS       0058 0000 0045 0025 0017 0050 0120 0030                     
 07 AUBENAS    0046 0016 0038 0036 0024 0055 0047 0040                     
 07 BOURG ST A 0100 0160 0120 0140 0120 0060 0100 0010                     
 07 PRIVAS     0013 0013 0083 0096 0097 0095 0086 0095                     
 08 MAUBERT-FT 0000 0000 0000 0628 1114 0397 0970 0470                     
 08 CHARLEVILL 1126 1011 1032 1062 1421 0343 0272 0675                     
 08 RETHEL     0528 0590 0332 0272 0322 0113 0575 0072                     
 08 WASIGNY    0120 0170 0125 0290 0290 0190 0950 0074                     
 08 ATTIGNY    0000 0000 0000 0167 0289 0108 0528 0219                     
 08 VOUZIERS   0264 0425 0346 0748 1360 0220 1500 1000                     
 09 FOIX       0100 0020 0046 0055 0019 0044 0226 0026                     
 09 LABASTIDE  0052 0028 0040 0067 0058 0049 0080 0021                     
 09 LAVELANET  0030 0047 0018 0056 0090 0045 0090 0035                     
 09 TARASCON   0132 0012 0083 0098 0093 0118 0114 0079                     
 09 BELESTA    0000 0010 0012 0014 0017 0025 0044 0041                     
 10 ARCIS      0300 0335 0630 0470 0320 0038 0610 0160                     
 10 NOGENT     0056 0100 0102 0141 0151 0045 0562 0092                     
 10 VILLEMAUX  0049 0103 0065 0073 0075 0021 0072 0031                     
 10 TROYES     0762 2380 1620 1396 1959 0759 2422 2149                     
 10 ERVY       0000 0000 0000 0000 0389 0142 0215 0338                     
 10 BAR/AUBE   0611 1312 0604 1026 1609 0183 1522 0485                     
 11 CARCASSONN 0343 0088 0246 0287 0155 0220 0430 0153                     
 11 CASTELNAUD 0112 0035 0052 0057 0090 0169 0100 0066                     
 11 LIMOUX     0288 0126 0156 0180 0114 0156 0426 0099                     
 11 CHALABRE   0043 0000 0060 0054 0034 0008 0069 0000                     
 11 QUILLAN    0276 0006 0096 0165 0068 0030 0120 0000                     
 12 ESPALION   0055 0000 0044 0035 0036 0061 0072 0016                     
 12 ENTRAYGUES 0000 0010 0024 0018 0000 0002 0015 0009                     
 12 ST GENIEZ  0000 0004 0020 0020 0073 0033 0067 0094                     
 12 MILLAU     0043 0012 0046 0100 0100 0080 0300 0035                     
 13 AIX        2800 1376 1136 1273 1268 0778 1295 2698                     
 13 SALON      0150 0160 0160 0100 0008 0003 0010 0007                     
 14 BALLEROY   0120 0102 0120 0178 0310 0205 0109 0388                     
 14 BAYEUX     0000 1318 0858 1110 0800 1224 0750 0510                     
 14 CAUMONT    0198 0363 0274 1134 0904 0700 0492 0946                     
 14 ISIGNY     0252 0156 0100 0120 0124 0099 0069 0100                     
 14 TREVIERES  0122 0000 0094 0110 0124 0120 0152 0128                     
 14 ARGENCES   1530 1580 1408 1524 1720 1240 1380 1510                     
 14 BRETTEVILL 0000 0604 0570 0656 0628 0214 0336 0112                     
 15 AURILLAC   0175 0000 0002 0034 0005 0000 0022 0007                     
 15 MAURIAC    0125 0011 0097 0034 0022 0005 0058 0010                     
 15 MURAT      0000 0000 0000 0000 0000 0000 0000 0000                     
 16 ANGOULEME  0405 0056 0082 0060 0000 0436 1135 0550                     
 16 LA ROCHEFD 0060 0200 0078 0136 0055 0150 0310 0400                     
 16 ROUILLAC   0001 0058 0001 0001 0101 0055 0000 0114                     
 16 COGNAC     0069 0074 0115 0136 0092 0031 0040 0090                     
 16 CHABANAIS  0017 0018 0023 0026 0026 0011 0021 0019                     
 17 MARANS     2247 0000 0135 2100 1400 0650 1000 1000                     
 17 STJEAN D'A 0160 0013 0030 0055 0085 0052 0090 0075                     
 17 JONZAC     0013 0007 0030 0045 0035 0012 0035 0070                     
 17 MIRAMBEAU  0134 0072 0027 0085 0030 0018 0025 0030                     
 17 MONTENDRE  0050 0040 0050 0052 0047 0062 0000 0000                     
 18 SANCERRE   0124 0300 0230 0347 0285 0025 0394 0565                     
 18 AUBIGNY    0225 0247 0230 2685 0350 0009 0278 0643                     
 18 BOURGES    1244 2135 1258 1574 1434 0897 1298 3042                     
 18 VIERZON    0320 0540 0752 0428 0683 0287 1422 1010                     
 18 ST AMAND   0400 0569 0470 0470 0293 0335 0747 0469                     
 19 TULLE      0300 0146 0112 0085 0110 0270 0151 0220                     
 19 ARGENTAT   0040 0017 0015 0027 0051 0041 0041 0042                     
 19 BRIVE      0046 0033 0032 0009 0036 0036 0036 0036                     
 20 AJACCIO    0148 0140 0033 0051 0175 0121 0075 0190                     
 20 VICO       0100 0050 0050 0035 0250 0217 0117 0010                     
 20 BASTIA     0150 0043 0008 0114 0010 0247 0024 0100                     
 21 BEAUNE     1050 0700 0900 1595 0988 0860 2172 0770                     
 21 NOLAY      0127 0073 0135 0115 0290 0255 0240 0077                     
 22 ST BRIEUC  0220 0211 0634 1166 1018 0962 0950 1152                     
 22 CHATELAUDR 0000 0000 0000 0098 0281 0056 0140 0050                     
 22 LAMBALLE   0532 0238 1728 1008 0864 1120 1056 1467                     
 22 PAIMPOL    0440 0352 0363 0375 0147 0130 0175 0245                     
 22 DINAN      0555 0235 0245 0350 0290 0440 0935 0550                     
 22 PLANCOET   0000 0000 0000 0200 0200 0150 0200 0300                     
 22 GUINGAMP   0209 0203 0079 0495 0473 0314 0536 0284                     
 23 BOUSSAC    0040 0060 0115 0040 0004 0000 0000 0020                     
 23 CHAMBON    0022 0030 0024 0030 0020 0010 0100 0060                     
 23 AUBUSSON   0042 0034 0050 0338 0221 0046 0131 0050                     
 24 SARLAT     0370 0264 0314 0375 0225 0145 0173 0085                     
 24 BELVES     0086 0058 0050 0120 0130 0060 0200 0055                     
 24 BUGUE      0050 0052 0017 0035 0043 0109 0097 0107                     
 25 BESANCON   2870 1469 2480 2399 2510 1077 5174 5017                     
 25 ORNANS     0984 0255 0465 0165 0411 0122 0497 0563                     
 25 BAUME      0080 0060 0109 0122 0235 0140 0340 0096                     
 25 CLERVAL    0000 0000 0000 0000 0044 0013 0093 0021                     
 26 CREST      0048 0010 0067 0135 0135 0065 0063 0012                     
 26 SAILLANS   0022 0020 0014 0025 0005 0010 0020 0015                     
 26 DIEULEFIT  0000 0080 0175 0000 0450 0150 0200 0350                     
 26 MONTELIMAR 0027 0000 0036 0012 0110 0056 0045 0034                     
 27 ANDELYS    0214 0226 0314 0348 0600 0508 0850 0718                     
 27 GISORS     0450 0588 0530 0408 0802 0710 1286 0694                     
 27 BERNAY     0870 0858 0686 0572 0322 0574 0296 0658                     
 27 BRIONNE    0000 0000 0000 0310 0317 0342 0134 0896                     
 27 EVREUX     1602 1038 0884 0792 1234 1630 1702 1892                     
 27 DAMVILLE   0000 0000 0000 0330 0200 0220 0260 0400                     
 27 ST ANDRE   0000 0000 0000 0168 0304 0326 1240 0710                     
 27 LOUVIERS   0674 0722 0834 0591 1180 0594 1216 1174                     
 28 CHARTRES  14376 9120 64501800013000114001005013050                     
 28 AUNEAU     0525 1079 0580 0900 0420 0300 1750 0360                     
 28 COURVILLE  0602 0565 0345 0483 0357 0438 0564 0584                     
 28 GALLARDON  0780 1038 0990 2580 1884 1665 1058 2406                     
 28 MAINTENON  0219 0127 0110 0265 0165 0153 0210 0243                     
 28 CHATEAUDUN 2089 2091 1117 2469 1590 1341 2720 2482                     
 29 BREST      0185 0111 0167 0104 0243 0152 0190 0160                     
 29 LANDERNEAU 0717 1065 2100 0710 0750 0378 0536 0519                     
 29 LANNILIS   0000 0204 0298 0489 0147 0102 0063 0059                     
 29 LESNEVEN   0000 0000 0001 0270 0330 0520 0006 0290                     
 29 ST RENAN   0375 0490 0570 0750 0860 1310 0700 1395                     
 29 PT L'ABBE  0020 0015 0027 0055 0055 0035 0290 0039                     
 30 ALAIS      0130 0040 0180 0235 0580 0445 0640 0500                     
 30 ST AMBROIX 0120 0138 0390 0195 0100 0040 0210 0250                     
 30 UZES       0150 0115 0220 0725 0780 0440 0850 0684                     
 31 TOULOUSE   0793 0294 0467 0518 0619 1266 2165 0858                     
 31 GRENADE    0042 0027 0020 0110 0085 0177 0273 0200                     
 31 VILLEFRANC 0157 0070 0086 0126 0313 0196 0301 0143                     
 31 REVEL      0425 0609 0570 0842 1433 0835 1523 0460                     
 31 MURET      0337 0210 0309 0392 0238 0279 0540 0429                     
 31 CAZARES    0225 0534 0180 0360 0132 0210 0542 0300                     
 32 AUCH       0029 0010 0071 0100 0360 0150 0066 0036                     
 32 GIMONT     0250 0075 0350 0300 0350 0060 0160 0320                     
 33 BORDEAUX   170015000 3000 600011000 7000 475010000                     
 33 CADILLAC   0170 0129 0100 0100 0018 0012 0185 0083                     
 33 CREON      0410 0289 0774 0422 0281 0046 0123 0210                     
 33 CASTILLON  0000 0038 0115 0150 0184 0148 0098 0165                     
 33 STE FOY    0070 0178 0315 0710 0326 0530 0540 0340                     
 34 BEZIERS    0787 0464 0700 0462 0335 0637 0285 0300                     
 34 ST PONS    0000 0000 0230 0110 0230 0060 0128 0058                     
 35 FOUGERES   0160 0045 0225 0200 0250 0200 0340 0325                     
 35 ST AUBIN   0055 0045 0040 0045 0046 0031 0030 0036                     
 35 BECHEREL   9997 0808 0640 0360 0530 0120 0290 0317                     
 35 MONTFORT   0000 0000 0024 0022 0048 0018 0029 0023                     
 35 VITRE      0225 0150 0030 0035 0036 0042 0441 0220                     
 36 ARGENTON   0105 0050 0095 0090 0142 0139 0104 0110                     
 36 BUZANCAIS  0274 0312 0056 0208 0236 0118 0490 0287                     
 36 CHATEAURX  0780 0746 0445 1134 1290 0489 1530 1971                     
 36 CHATILLON  0110 0246 0242 0155 0134 0053 0157 0218                     
 37 TOURS      0386 0336 0235 0657 0142 0256 0243 0184                     
 37 CHT LA VIL 0040 0060 0012 0015 0015 0008 0056 0018                     
 37 CHATEAUREN 0300 0364 0146 0527 0229 0058 0500 0671                     
 37 CORMERY    1115 0960 0485 0590 0550 0005 0200 1050                     
 37 BLERE      0117 0200 0310 0404 0260 0025 0256 0200                     
 38 GRENOBLE   1365 0725 1645 1800 1865 1061 2699 0671                     
 38 VOIRON     1200 0050 0040 0070 0025 0250 0200 0110                     
 38 LA MURE    0030 0070 0103 0084 0160 0201 0118 0060                     
 38 MENS       0009 0040 0040 0018 0040 0047 0189 0033                     
 39 DOLE       0490 0089 0451 1365 1085 1222 3037 0594                     
 39 BLETTERANS 0520 1160 0185 0360 0990 0565 0820 0210                     
 39 COUSANCE   0000 0000 0400 0200 0080 0060 0080 0080                     
 40 MT DE MARS 0045 0014 0016 0013 0010 0003 0004 0009                     
 40 DAX        0250 0000 0140 0270 0500 0700 2140 0900                     
 40 PEYREHORAD 0255 0085 0210 0070 0205 0115 0185 0217                     
 41 BLOIS      0320 0174 0774 1221 1534 1129 1538 0874                     
 41 BRACIEUX   0007 0000 0000 0000 0000 0000 0005 0004                     
 41 CONTRES    0205 0154 0104 0132 0076 0048 0237 0160                     
 41 HERBAULT   0160 0220 0100 0195 0036 0301 0257 0071                     
 41 MER        0496 0293 0208 0271 0498 0941 0431 0436                     
 42 MONTBRISON 0500 0120 0620 0600 4300 1000 3300 0720                     
 42 ROANNE     0970 0125 0400 0240 0440 0920 0960 1040                     
 43 LE PUY     0187 0198 0192 0222 1110 1050 0525 0130                     
 43 MONASTIER  0000 0000 0000 0045 0050 0035 0026 0036                     
 43 BRIOUDE    0050 0000 0105 0290 0315 0285 0345 0305                     
 43 LANGEAC    0019 0000 0005 0030 0028 0038 0054 0013                     
 44 CHATEAUBRI 0117 0091 0112 0097 0187 0095 0218 0103                     
 44 CLISSON    0000 0123 0090 0064 0154 0049 0168 0056                     
 44 GUERANDE   0000 0218 0170 0210 0180 0330 0390 0148                     
 44 MACHECOUL  0170 0175 0064 0090 0040 0030 0050 0056                     
 44 NANTES     1203 0454 0442 1266 0934 1010 1053 3410                     
 45 ORLEANS    2906 1436 1347 3006 0829 0506 1771 0660                     
 45 BEAUGENCY  1533 1803 1170 0852 1332 1538 1180 2434                     
 45 NEUVILLE   0140 0070 0110 0048 0080 0240 0675 0187                     
 45 PITHIVIERS 0387 0400 0270 0465 0440 0500 1195 0615                     
 45 MALESHERBE 1125 0315 0190 0192 0117 0189 0291 0132                     
 46 CAHORS     0778 0214 0696 0266 0346 0996 1208 0173                     
 46 ST CERE    0210 0057 0161 0168 0261 0240 0217 0192                     
 46 GOURDON    0275 0119 0168 0244 0204 0225 0218 0246                     
 47 AGEN       0081 0018 0047 0176 0068 0050 0200 0089                     
 47 ASTAFFORT  0057 0027 0072 0027 0011 0021 0038 0025                     
 47 LAROQUE-TI 0540 0260 0354 0290 0160 0175 0000 0018                     
 47 PUYMIROL   0017 0046 0060 0060 0071 0064 0051 0036                     
 47 MARMANDE   0140 0027 0088 0143 0163 0000 0205 0144                     
 47 MAS D'AGEN 0070 0060 0090 0896 0263 0051 0713 0192                     
 48 FLORAC     0069 0045 0045 0040 0051 0039 0053 0034                     
 48 MEYRUIS    0003 0031 0009 0014 0000 0000 0005 0000                     
 48 PT DE MTVE 0007 0000 0000 0041 0000 0007 0000 0009                     
 48 LA CANOURG 0050 0050 0046 0056 0120 0036 0055 0055                     
 48 MENDE      0009 0071 0051 0062 0067 0015 0132 0050                     
 49 ANGERS     0380 0560 0275 0345 0330 0220 0330 0200                     
 49 BRISSAC    0125 0090 0110 0110 0095 0060 0105 0095                     
 49 BAUGE      0186 0320 0100 0200 0120 0034 0080 0040                     
 50 AVRANCHES  0584 0612 0382 0696 0750 0460 0510 0775                     
 50 GRANVILLE  0680 0550 0300 0310 0260 0260 0390 0340                     
 50 PONTORSON  0000 0000 0357 0394 0431 0330 0505 0592                     
 50 ST JAMES   0000 0000 0000 0000 0000 0000 0000 0253                     
 50 VILLEDIEU  0672 0260 0480 0430 0501 0611 0403 0567                     
 50 CHERBOURG  1256 1514 1299 1246 1646 1937 1821 1166                     
 50 LES PIEUX  0000 0000 0000 0000 0000 0000 0000 0360                     
 50 SAINT LO   1442 1570 1340 1576 1878 1676 1352 1856                     
 51 CHALONS    0854 2548 1376 0971 0965 0343 1531 0186                     
 51 EPERNAY    0667 0578 0510 0368 0471 0215 0427 0321                     
 51 SEZANNE    0000 0000 0443 0415 0220 0243 0551 0363                     
 51 FISMES     0000 0000 0014 0022 0017 0011 0054 0005                     
 52 ST DIZIER  0060 0065 0074 0132 0340 0140 0305 0232                     
 52 JOINVILLE  0139 0247 0092 0177 0621 0088 0674 0275                     
 53 CHATEAUGON 0234 0361 0198 0385 0270 0780 0950 1310                     
 53 CRAON      0130 0300 0032 0078 0013 0009 0012 0012                     
 53 EVRON      0038 0070 0093 0150 0128 0130 0056 0100                     
 53 LAVAL      0451 0301 1213 1250 3400 3000 3200 0015                     
 53 ERNEE      0325 0050 0145 0070 0025 0050 0080 0230                     
 54 LUNEVILLE  0946 0894 0524 0811 1098 0310 1216 0949                     
 54 BLAMONT    0273 0282 0397 0430 0465 0360 0500 0560                     
 54 BADONVILLE 0000 0000 0000 0000 0000 0200 0320 0260                     
 54 NANCY      0135 0099 0248 0164 0150 0057 0216 0075                     
 54 PT A MOUSS 0220 0181 0193 0209 0283 0010 0286 0182                     
 54 SARREBOURG 0356 0159 0339 0417 1449 0519 1027 0712                     
 55 BAR LE DUC 0000 0000 0000 0000 0997 0240 0479 0274                     
 55 VERDUN     0040 0372 0320 0445 0315 0050 0300 0125                     
 56 LOCMINE    0120 0160 0250 0350 0380 0240 0170 0140                     
 56 NAPOLEONVI 0000 0000 0000 0000 0000 0000 0000 0000                     
 56 GUER       0020 0000 0120 0041 0044 0135 0028 0044                     
 56 JOSSELIN   0437 0890 0250 0400 0600 0850 0250 0298                     
 56 MALESTROIT 0020 0027 0071 0060 0036 0145 0094 0147                     
 56 VANNES     0280 0035 0320 0345 0770 0338 0348 0589                     
 58 NEVERS     0226 0155 0333 0233 0094 0018 0325 0145                     
 58 ST PIERRE  0032 0023 0031 0120 0065 0041 0050 0120                     
 58 ST SAULGE  0000 0000 0000 0000 0045 0020 0051 0055                     
 58 COSNE      0100 0166 0120 0131 0065 0000 0000 0052                     
 59 CAMBRAI    2192 2219 3679 2689 5017 3102 6204 5991                     
 59 LE CATEAU  0042 0102 0051 0172 0077 0001 0074 0076                     
 59 ST AMAND   0463 0474 0271 0265 0277 0198 0553 0279                     
 59 DOUAI      4510 3689 5133 3568 4328 4929 4726 6788                     
 59 MARCHIENNE 0000 0057 0000 0000 0340 0140 0200 0200                     
 59 ORCHIES    2465 1376 2020 1870 2734 3193 3560 1564                     
 59 LILLE      3432 2223 2859 3564 2640 2986 3529 2704                     
 60 BEAUVAIS   0816 1076 1088 1230 1130 1180 3812 2244                     
 60 FORMERIE   0000 0000 0000 0120 0146 0354 0336 0238                     
 60 GRDVILLIER 0160 0185 0280 0195 0870 0990 0760 0640                     
 60 MERU       0000 0000 0000 0911 0088 0083 0336 0470                     
 60 NOAILLES   0000 0000 0000 0034 0035 0050 0048 0030                     
 61 ALENCON    1171 1116 0882 0877 1317 1229 0942 0443                     
 61 SEES       0414 0386 0145 0706 1116 0570 0947 0400                     
 61 ARGENTAN   0505 0366 0478 0570 0632 1037 1069 0442                     
 61 BRIOUZE    0170 0105 0160 0000 0000 0000 0000 0000                     
 61 ECOUCHE    0260 0316 0253 0170 0310 0345 0445 0284                     
 61 GARE       0152 0150 0120 0110 0150 0174 0178 0142                     
 61 LE MERLERA 0134 0095 0166 0090 0116 0176 0158 0050                     
 62 ARRAS      1533 2502 3590 3558 5537 5380 5791 7597                     
 62 BAPEAUNE   0000 0000 0039 0079 0121 0091 0281 0000                     
 62 BETHUNE    7920 2115 2398 1320 2050 2073 1700 2000                     
 62 CARVIN     0340 0472 0451 0469 0592 0531 0679 0753                     
 62 BOULOGNE   0438 0504 0432 0542 0536 0140 0924 0475                     
 63 CLERMONT   1181 1677 2660 3675 1104 1787 1966 1299                     
 63 BILLOM     0840 0049 0550 0480 0450 0390 0390 0450                     
 63 RIOM       3225 0470 3115 0676 0600 0600 0600 1250                     
 63 AIGUEPERSE 0096 0288 0390 0780 0640 0930 1340 0760                     
 63 THIERS     0300 0102 0135 0090 0082 0243 0175 0091                     
 63 MARINGUES  0000 0406 0323 0419 1160 2080 1508 0741                     
 64 PAU        0900 0450 1120 0930 2250 1298 1740 0623                     
 64 GARLIN     0340 0375 0500 0660 0560 0340 0850 0150                     
 64 MORLAAS    0059 0032 0129 0210 0085 0015 0051 0030                     
 64 OLORON     0324 0142 0320 0224 0220 0110 0420 0160                     
 64 ARUDY      0030 0028 0028 0034 0033 0033 0031 0018                     
 64 MONEIN     0080 0080 0100 0090 0013 0042 0128 0082                     
 65 TARBES     0130 0316 0820 0380 1010 0450 1900 0860                     
 65 BAGNERE    0055 0050 0049 0090 0535 0030 0100 0020                     
 66 CERET      0068 0084 0090 0087 0073 0010 0010 0095                     
 66 ARLES      0000 0000 0000 0010 0036 0020 0030 0100                     
 70 ST-LOUP    0290 0283 0290 0500 0660 0415 0665 0256                     
 70 LURE       0000 0358 0215 0235 0304 0396 0380 0224                     
 70 LUXEUIL    0250 0398 0200 0225 0137 0255 0380 0175                     
 70 MELISEY    0055 0130 0075 0165 0093 0017 0058 0039                     
 70 VAUVILLERS 0000 0053 0065 0305 0018 0095 0160 0390                     
 71 AUTUN      0238 0045 0530 0287 0548 0352 1171 0375                     
 71 COUCHES    0103 0128 0185 0123 0176 0223 0000 0290                     
 71 CHALON/SAO 0074 0048 0072 0057 0116 0105 0166 0048                     
 71 GIVRY      0000 0151 0129 0087 0175 0110 0154 0095                     
 71 LOUHANS    0068 0040 0250 0097 0633 0456 1692 0220                     
 71 CLUNY      0054 0162 0108 0084 0246 0075 0090 0140                     
 71 ST GENGOUX 0000 0030 0000 0000 0061 0043 0141 0240                     
 71 MACON      2400 0606 2250 1845 1884 1590 0762 0921                     
 72 LE MANS    0656 0430 0550 0352 0590 0397 0994 0635                     
 72 BALLON     0043 0039 0103 0088 0124 0062 0102 0190                     
 72 LOUE       0155 0200 0310 0175 0154 0185 0612 0180                     
 72 MONTFORT   0169 0112 0072 0048 0064 0055 0064 0069                     
 72 SILLE-LE-G 0200 0090 0110 0200 0380 0384 0850 0820                     
 72 BAUMONT    0930 0400 0600 0480 0820 0670 3450 0880                     
 76 BACQUEVILL 0444 0800 0920 1816 1600 1400 0870 1569                     
 76 DIEPPE     0736 0801 0486 0700 1076 1110 1460 1610                     
 76 ENVERMEU   0580 0480 0600 0528 0000 0480 0502 0510                     
 76 EU         0552 0572 0588 0676 0408 0582 0920 0585                     
 76 TOTES      0463 0586 0997 0602 1027 0871 0701 0811                     
 76 BOLBEC     0686 0696 0904 0000 1457 2032 1209 1334                     
 76 FECAMP     0337 0675 1010 0812 0985 1214 1362 1484                     
 76 ROUEN      0648 0362 0315 0292 0524 0754 2888 1257                     
 77 COULOMMIER 0510 0658 0340 0724 0300 0363 1239 0322                     
 77 LA FERTE-G 1190 1150 0455 0953 0675 0220 0490 0576                     
 77 BEAUMONT   0003 0006 0037 0010 0009 0018 0024 0020                     
 77 EGREVILLE  0300 0438 0369 0279 0396 0222 0117 0459                     
 77 MONTEREAU  1819 1876 1090 1615 1601 1063 2067 1831                     
    MANTES     0516 0825 0570 0645 0735 0600 1905 0840                     
    HOUDAN     1941 1340 1020 3000 1800 1050 2100 2010                     
    PONTOISE   0621 0555 0405 0324 0510 0357 0915 0337                     
 79 THOUARS    0080 0065 0175 0100 0350 0043 0075 0090                     
 79 BRESSUIRE  0030 0020 0030 0006 0030 0065 0055 0030                     
 79 PARTENAY   0068 0052 0042 0056 0078 0056 0322 0134                     
 79 NIORT      0037 0062 0062 0042 0067 0192 0144 0158                     
 80 ABBEVILLE  0139 0494 0171 0882 0759 0810 1500 0695                     
 80 GAMACHES   0116 0288 0088 0025 0020 0100 0210 0164                     
 80 ST VALERY  0058 0052 0043 0090 0112 0118 0094 0110                     
 80 AMIENS     1303 1990 0702 0863 1010 1820 1485 1530                     
 80 CORBIE     0097 0000 0000 0077 0084 0064 0088 0074                     
 80 OISEMONT   0000 0000 0120 0180 0246 0270 0292 0150                     
 81 ALBI       0665 0000 1505 0201 0679 0812 1407 0000                     
 81 REALMONT   0087 0044 0340 0120 0130 0090 0110 0160                     
 81 CASTRES    0110 0360 0336 0471 0670 0600 0977 0621                     
 81 GAILLAC    0035 0081 0075 0045 0073 0146 0187 0120                     
 81 RABASTENS  0025 0022 0065 0018 0018 0000 0016 0020                     
 82 MONTAUBAN  0249 0024 0321 0132 0289 0077 0380 0123                     
 82 CAUSSADE   0115 0119 0068 0095 0015 0036 0044 0055                     
 82 CAYLUS     0078 0060 0086 0034 0205 0065 0134 0125                     
 82 ST ANTONIN 0027 0025 0025 0050 0070 0058 0030 0110                     
 83 BRIGNOLES  0055 0017 0055 0041 0122 0045 0054 0035                     
 83 BARJOLS    0060 0060 0136 0227 0136 0000 0102 0083                     
 83 COTIGNAC   0169 0094 0113 0089 0000 0051 0030 0094                     
 83 ST MAXIMIN 0394 0158 0256 0147 0153 0172 0116 0130                     
 83 RIANS      0040 0025 0100 0010 0035 0001 0029 0070                     
 84 APT        0212 0167 0244 0265 0178 0153 0110 0169                     
 84 PERTUIS    0135 0300 0155 0155 0245 0132 0191 0259                     
 84 AVIGNON    1042 1350 1653 1195 0792 1044 1440 0637                     
 85 FONTENAY   0120 0080 0110 0066 0142 0116 0100 0108                     
 85 LUCON      0030 0020 0021 0041 0118 0075 0162 0175                     
 86 POITIERS   0169 0119 0137 0071 0106 0077 0139 0187                     
 86 CHATELLERA 0030 0018 0034 0002 0036 0018 0022 0035                     
 86 CIVRAY     0099 0012 0029 0184 0271 0466 0905 0910                     
 87 BELLAC     0200 0000 0000 0000 0000 0000 0000 0000                     
 87 LE DORAT   0400 0045 0024 0029 0000 0000 0045 0022                     
 88 BRUYERES   0136 0116 0188 0335 0200 0210 0233 0240                     
 88 CHARMES    0880 0494 0430 0630 0430 0167 0500 0248                     
 88 EPINAL     1319 0765 0740 1100 0800 0394 1080 0245                     
 88 MIRECOURT  0500 0190 0610 1310 0585 0414 1690 0500                     
 88 NEUFCHATEA 0367 0606 0170 0900 0447 0170 0355 0386                     
 89 AUXERRE    0580 0317 0660 0757 0426 0745 0354 0710                     
 89 ST FLORENT 0000 0000 0000 0961 3673 1013 1120 1848                     
 89 TOUEY      0000 0000 0000 0179 0319 0113 0416 0202                     
 89 VERMENTON  0000 0000 0000 0190 0157 0119 0088 0042                     
                                                                           
                                                                           
           Second part: 1855-1885                                          
                                                                           
                                                                           
  QUANTITIES   1855 1855 1860 1865 1870 1875 1880 1885                     
                JA1  OC1  JA1  JA1  JA1  JA1  MR1  JA1                     
 01 BOURG      1961 3071 2274 1808 1347 1683 0749 0000                     
 01 ST LAURENT 1092 1479 0978 0402 0858 2331 0645 0000                     
 01 PT DE VAUX 0786 1425 0888 0540 0396 1211 0258 0000                     
 01 GEX        0032 0037 0029 0030 0022 0022 0020 0000                     
 01 COLLONGES  0019 0043 0036 0000 0000 0000 0000 0000                     
 02 ST QUENTIN 0589 0420 0148 0799 0530 0879 0550 0377                     
 02 VERVINS    0294 0080 0310 0824 0353 0000 0000 0000                     
 02 LA CAPELLE 0149 0127 0110 0700 0799 0522 0808 0000                     
 02 LA FERE    1835 1747 1418 1783 0331 0065 0000 0000                     
 02 CHAUNY     0045 0048 0053 0040 0000 0061 0081 0030                     
 02 SOISSONS   2395 1584 1819 1722 2245 4082 2054 3031                     
 03 MONTLUCON  1106 0790 0510 0779 0595 0575 0253 0207                     
 03 MTMARAULT  0305 0380 0135 0172 0120 0332 0341 0116                     
 03 GANNAT     1230 1000 1207 1681 4000 1705 0650 0578                     
 03 STPOURCAIN 1660 0760 1322 1544 1167 2234 1028 0987                     
 03 EBREUIL    0585 0580 0275 0200 0160 0150 0080 0160                     
 04 CASTELLANE 0029 0012 0029 0045 0010 0000 0000 0000                     
 04 ENTREVAUX  0014 0006 0004 0012 0012 0000 0000 0000                     
 04 DIGNE      0084 0057 0077 0080 0000 0000 0000 0052                     
 04 RIEZ       0040 0064 0131 0144 0090 0000 0106 0000                     
 04 SEYNE      0029 0012 0002 0000 0000 0000 0000 0000                     
 04 FORCALQUIE 0050 0045 0144 0110 0012 0828 1920 0325                     
 05 GAP        0022 0000 0000 0000 0000 0000 0067 0000                     
 05 ST BONNET  0244 0180 0020 0033 0037 0004 0014 0008                     
 05 SERRES     0031 0018 0040 0060 0000 0000 0000 0000                     
 05 VEYNES     0014 0000 0016 0000 0000 0000 0010 0000                     
 05 EMBRUN     0013 0030 0001 0000 0000 0005 0015 0000                     
 07 JOYEUSE    0190 0180 0060 0054 0055 0050 0018 0035                     
 07 LARGENTIER 0014 0015 0015 0010 0091 0098 0078 0020                     
 07 VANS       0080 0080 0050 0021 0067 0030 0920 0130                     
 07 AUBENAS    0025 0050 0144 0150 0120 0100 0150 0090                     
 07 BOURG ST   0040 0050 0045 0025 0150 0038 0024 0039                     
 07 PRIVAS     0065 0079 0100 0250 0240 0060 0210 0120                     
 08 MAUBERT-FT 0895 0331 0333 0564 0745 0000 0000 0000                     
 08 CHARLEVILL 0190 0210 0626 0279 0444 0650 0330 0062                     
 08 RETHEL     0056 0308 0000 0000 0000 0000 0000 0000                     
 08 WASIGNY    0108 0097 0000 0000 0000 0000 0000 0000                     
 08 ATTIGNY    0265 0548 0107 0150 0003 0000 0000 0000                     
 08 VOUZIERS   1400 4500 0860 0300 0100 0000 0000 0000                     
 09 FOIX       0104 0116 0029 0026 0000 0000 0054 0053                     
 09 LABASTIDE  0015 0046 0022 0020 0000 0000 0000 0000                     
 09 LAVELANET  0050 0080 0040 0020 0040 0000 0000 0000                     
 09 TARASCON   0106 0090 0085 0080 0026 0000 0000 0000                     
 09 BELESTA    0029 0033 0020 0031 0000 0000 0000 0000                     
 10 ARCIS      0420 0356 0108 0061 0022 0000 0000 0000                     
 10 NOGENT     0667 0704 0183 0127 0199 0067 0008 0000                     
 10 VILLEMAUX  0036 0024 0014 0038 0000 0000 0000 0000                     
 10 TROYES     2442 2672 1656 0775 0312 0043 0000 0000                     
 10 ERVY       0472 0292 0314 0206 0017 0000 0000 0000                     
 10 BAR/AUBE   2108 1720 1158 0211 0073 0022 0000 0000                     
 11 CARCASSONN 0370 0567 0500 0230 0227 0297 0171 0152                     
 11 CASTELNAUD 0040 0414 0278 0122 0726 0000 1625 0000                     
 11 LIMOUX     0096 0168 0186 0090 0126 0162 0066 0000                     
 11 CHALABRE   0040 0110 0030 0020 0050 0000 0025 0022                     
 11 QUILLAN    0082 0046 0027 0045 0090 0050 0030 0001                     
 12 ESPALION   0053 0200 0030 0011 0020 0009 0021 0045                     
 12 ENTRAYGUES 0016 0010 0014 0014 0018 0000 0000 0000                     
 12 ST GENIEZ  0146 0120 0116 0061 0037 0011 0040 0022                     
 12 MILLAU     0050 0120 0112 0112 0080 0045 0013 0094                     
 13 AIX        0251 5006 2895 1921 2567 2669 2608 1752                     
 13 SALON      0004 0008 0000 0000 0002 0000 0000                          
 14 BALLEROY   0161 0100 0334 0166 0192 0122 0028 0008                     
 14 BAYEUX     1314 0822 1124 0986 1186 1530 0876 0840                     
 14 CAUMONT    0458 0222 0812 0356 0520 0258 0116 0152                     
 14 ISIGNY     0060 0050 0038 0046 0030 0008 0000 0000                     
 14 TREVIERES  0194 0152 0162 0270 0210 0208 0100 0100                     
 14 ARGENCES   1756 0882 1436 1590 2000 1714 0714 0810                     
 14 BRETTEVILL 0434 0354 0460 0376 0320 0678 0324 0324                     
 15 AURILLAC   0079 0069 0000 0007 0020 0007 0004 0000                     
 15 MAURIAC    0006 0024 0011 0006 0005 0013 0010 0010                     
 15 MURAT      0004 0008 0004 0005 0010 0007 0005 0001                     
 16 ANGOULEME  0934 1279 0087 0000 0172 0075 0122 0065                     
 16 LA ROCHEFD 1600 2100 1900 0160 1200 0280 0092 0000                     
 16 ROUILLAC   0028 0000 0040 0014 0020 0000 0000 0000                     
 16 COGNAC     0100 0054 0130 0035 0041 0058 0030 0020                     
 16 CHABANAIS  0053 0106 0026 0030 0028 0010 0070 0045                     
 17 MARANS     1400 1400 2967 6181 1646 6069 1986 3261                     
 17 STJEAN D'A 0065 0102 0144 0124 0133 0085 0242 0036                     
 17 JONZAC     0020 0045 0001 0014 0007 0018 0000 0000                     
 17 MIRAMBEAU  0040 0080 0150 0050 0009 0004 0015 0000                     
 17 MONTENDRE  0087 0070 0000 0054 0038 0035 0020 0100                     
 18 SANCERRE   0850 0707 0519 0444 1064 0439 0192 0273                     
 18 AUBIGNY    0753 0535 0495 0400 0510 0435 0204 0171                     
 18 BOURGES    4472 2933 3637 2766 4287 2723 0491 0629                     
 18 VIERZON    0857 0890 1188 0845 1362 1300 0302 0828                     
 18 ST AMAND   0706 0564 0792 0380 0594 0422 0331 0245                     
 19 TULLE      0153 0171 0110 0000 0000 0101 0045 0047                     
 19 ARGENTAT   0079 0046 0050 0077 0000 0000 0003 0000                     
 19 BRIVE      0045 0030 0012 0011 0010 0009 0048 0000                     
 20 AJACCIO    0103 0307 0890 0076 0085 0128 0045 0003                     
 20 VICO       0010 0010 0010 0040 0015 0011 0000 0000                     
 20 BASTIA     0089 0213 0000 0006 0000 0010 0000 0000                     
 21 BEAUNE     2350 1746 1327 0672 0773 0398 0450 0700                     
 21 NOLAY      0700 0800 0400 0027 0240 0390 0110 0800                     
 22 ST BRIEUC  0826 1220 0987 1251 1331 0726 0228 0348                     
 22 CHATELAUDR 0130 0120 0181 0258 0139 0195 0365 0212                     
 22 LAMBALLE   0984 1747 1225 0553 1226 1200 0700 0900                     
 22 PAIMPOL    0135 0120 0135 0290 0160 0290 0300 0170                     
 22 DINAN      0440 0420 0140 0141 0475 0485 0849 0055                     
 22 PLANCOET   0147 0139 0107 0105 0243 0052 0076 0017                     
 22 GUINGAMP   0181 0162 0192 0144 0144 0144 0156 0275                     
 23 BOUSSAC    0003 0007 0000 0000 0000 0003 0043 0000                     
 23 CHAMBON    0041 0130 0130 0090 0096 0160 0280 0168                     
 23 AUBUSSON   0154 0122 0258 0151 0192 0107 0097 0028                     
 24 SARLAT     0113 0151 0142 0217 0071 0100 0000 0000                     
 24 BELVES     0115 0110 0170 0160 0080 0130 0150 0000                     
 24 BUGUE      0048 0148 0129 0000 0095 0111 0135 0119                     
 25 BESANCON   5352 2674 3129 2507 2177 2308 0923 0276                     
 25 ORNANS     1015 1154 0565 0258 0118 0424 0507 0088                     
 25 BAUME      0520 0365 0246 0360 0388 1012 0180 0462                     
 25 CLERVAL    0036 0080 0110 0180 0040 0000 0000 0000                     
 26 CREST      0060 0014 0090 0059 0312 0090 0088 0110                     
 26 SAILLANS   0048 0049 0010 0080 0017 0020 0009 0000                     
 26 DIEULEFIT  0107 0128 0086 0124 0050 0146 0162 0055                     
 26 MONTELIMAR 0105 0210 0170 0324 0074 0203 0100 0018                     
 27 ANDELYS    1322 1122 0790 0634 0612 0578 0264 0165                     
 27 GISORS     1370 0756 0679 0492 0574 0297 0164 0130                     
 27 BERNAY     2570 1546 2800 3014 3944 5546 1278 3254                     
 27 BRIONNE    0782 0450 0620 0680 0790 0397 0275 0564                     
 27 EVREUX     2458 1168 2164 1862 2716 2374 1268 2374                     
 27 DAMVILLE   1132 0520 1240 0924 0854 0870 0416 0518                     
 27 ST ANDRE   1260 0430 0990 0900 1176 1497 0328 0744                     
 27 LOUVIERS   1374 1750 0968 1126 1694 1768 1774 1478                     
 28 CHARTRES  18600 675015382 8457 7544 0972 0190 0097                     
 28 AUNEAU     0870 0870 1350 2700 0820 1395 0750 0079                     
 28 COURVILLE  0628 0359 0445 0267 0185 0190 0024 0000                     
 28 GALLARDON  3127 1414 2477 2270 1620 0460 0240 0050                     
 28 MAINTENON  0432 0654 0594 0324 0030 0075 0033 0450                     
 28 CHATEAUDUN 4949 1835 3669 3341 3070 2068 0176 0000                     
 29 BREST      0148 0227 0161 0107 0071 0047 0000 0000                     
 29 LANDERNEAU 1067 0980 0650 0860 1450 2190 0800 0710                     
 29 LANNILIS   0140 0120 1060 0580 0580 0707 0668 0754                     
 29 LESNEVEN   0780 0355 0500 0186 1890 1540 0150 0109                     
 29 ST RENAN   1404 1248 1250 1120 1484 0101 1020 0600                     
 29 PT L'ABBE  0023 0058 0017 0506 1350 0912 0534 1538                     
 30 ALAIS      0730 1080 0275 0206 0245 0385 0720 0400                     
 30 ST AMBROIX 0380 0315 0144 0400 0400 0375 0415 0270                     
 30 UZES       1000 1700 0500 0400 0400 0450 0200 0150                     
 31 TOULOUSE   2119 3451 1470 0894 1220 1260 0519 0490                     
 31 GRENADE    0146 0165 0347 0135 0674 0382 0192 0272                     
 31 VILLEFRANC 0136 0210 0180 0140 0200 0310 0236 0340                     
 31 REVEL      0583 1067 0450 0692 0734 0298 0256 0676                     
 31 MURET      0372 0517 0485 0691 0714 0526 0191 0249                     
 31 CAZARES    0280 0580 0430 0460 0392 0670 0400 0360                     
 32 AUCH       0085 0042 0087 0052 0000 0000 0000 0000                     
 32 GIMONT     0138 0222 0165 0395 0044 0385 0040 0000                     
 33 BORDEAUX  11530 0000 0000 0000 0000 0000 0000 0000                     
 33 CADILLAC   0569 0425 0253 0387 0363 0264 0070 0040                     
 33 CREON      0115 0000 0056 0041 0111 0052 0050 0076                     
 33 CASTILLON  0280 0139 0310 0200 0250 0187 0101 0048                     
 33 STE FOY    0250 0060 0096 0085 0048 0025 0010 0052                     
 34 BEZIERS    1200 3717 0819 1353 0596 0000 0000 0000                     
 34 ST PONS    0078 0085 0053 0030 0003 0000 0000 0000                     
 35 FOUGERES   0475 0700 0590 0604 0662 0356 0000 0000                     
 35 ST AUBIN   0027 0023 0040 0038 0038 0025 0025 0040                     
 35 BECHEREL   0249 0055 0112 0090 0090 0040 0050 0060                     
 35 MONTFORT   0018 0009 0021 0009 0014 0000 0000 0000                     
 35 VITRE      0330 1000 1075 0580 1360 1200 0550 0600                     
 36 ARGENTON   0238 0237 0202 0081 0244 0183 0094 0071                     
 36 BUZANCAIS  0313 0365 0298 0252 0142 0191 0129 0000                     
 36 CHATEAURO  0940 1062 2120 1441 2330 1631 0952 0810                     
 36 CHATILLON  0170 0241 0158 0320 0091 0100 0086 0027                     
 37 TOURS      0631 0426 0788 0408 0344 0286 0141 0000                     
 37 CHATEAU LA 0186 0880 0084 0110 0055 0070 0030 0004                     
 37 CHATEAUREN 1485 1364 1319 0951 0774 0409 0099 0024                     
 37 CORMERY    0800 0400 1300 1100 0800 0450 0400 0600                     
 37 BLERE      0365 0262 0485 0363 0310 0482 0160 0225                     
 38 GRENOBLE   1611 2586 0778 0080 0274 0171 0253 0069                     
 38 VOIRON     0195 0230 0500 0260 0230 0060 0080 0060                     
 38 LA MURE    0091 0153 0055 0044 0150 0200 0200 0100                     
 38 MENS       0053 0097 0070 0036 0044 0019 0032 0016                     
 39 DOLE       1767 1671 1620 1266 1610 1220 0990 0320                     
 39 BLETTERANS 0550 0610 0530 0390 0300 0150 0220 0310                     
 39 COUSANCE   0200 0250 0250 0080 0060 0100 0087 0080                     
 40 MT DE MAR  0003 0005 0000 0000 0000 0000 0000 0000                     
 40 DAX        1200 2900 0900 0400 0103 0000 0000 0000                     
 40 PEYREHORAD 0401 0461 0251 0310 0204 0081 0087 0034                     
 41 BLOIS      3346 0706 4159 2968 3681 1684 0686 0255                     
 41 BRACIEUX   0004 0000 0000 0002 0018 0013 0092 0061                     
 41 CONTRES    0590 0428 0209 0215 0308 0185 0108 0104                     
 41 HERBAULT   0235 0206 0094 0167 0018 0000 0000 0000                     
 41 MER        0639 0239 0829 0890 1292 0869 0512 0397                     
 42 MONTBRISON 0850 3220 0590 1200 1400 1500 3600 6400                     
 42 ROANNE     0760 0520 0838 0420 0492 0489 1000 0590                     
 43 LE PUY     0306 0720 0255 0600 0495 0105 0210 0250                     
 43 MONASTIER  0025 0020 0018 0017 0025 0010 0000 0000                     
 43 BRIOUDE    0190 0280 0130 0110 0080 0240 0160 0100                     
 43 LANGEAC    0056 0173 0075 0035 0060 0096 0040 0000                     
 44 CHATEAUBRI 0000 0310 0121 0276 0360 0131 0125 0078                     
 44 CLISSON    0000 0033 0000 0016 0000 0000 0000 0000                     
 44 GUERANDE   0000 0184 0348 0379 0280 0285 0425 0195                     
 44 MACHECOUL  0000 0250 0000 0024 0070 0062 0070 0076                     
 44 NANTES     0000 0000 1127 2594 1658 1748 0495 0161                     
 45 ORLEANS    1145 0590 0591 0113 0132 0063 0016 0004                     
 45 BEAUGENCY  4388 4292 5572 2572 1370 0434 0244 0083                     
 45 NEUVILLE   0940 2060 0495 0225 0405 0174 0064 0036                     
 45 PITHIVIERS 1820 1900 1200 0735 1410 1035 0329 0090                     
 45 MALESHERBE 0735 0642 0473 0200 0227 0165 0043 0015                     
 46 CAHORS     0256 0220 1228 0822 1554 1004 0403 0410                     
 46 ST CERE    0256 0251 0000 0072 0012 0120 0300 0105                     
 46 GOURDON    0273 0273 0240 0245 0375 0435 0000 0000                     
 47 AGEN       0089 0100 0075 0044 0021 0000 0000 0000                     
 47 ASTAFFORT  0028 0026 0057 0043 0058 0040 0026 0023                     
 47 LAROQUE-TI 0170 0200 0070 0110 0350 0000 0120 0600                     
 47 PUYMIROL   0060 0041 0057 0070 0109 0590 0010 0000                     
 47 MARMANDE   0080 0060 0116 0005 0000 0800 0275 0400                     
 47 MAS D'AGEN 0145 0201 0060 0055 0053 0050 0002 0000                     
 48 FLORAC     0027 0026 0036 0084 0094 0047 0051 0077                     
 48 MEYRUIS    0029 0035 0010 0085 0007 0010 0020 0000                     
 48 PT DE MTV  0003 0008 0000 0000 0000 0000 0000 0000                     
 48 LA CANOUR  0024 0036 0056 0047 0043 0080 0041 0043                     
 48 MENDE      0039 0032 0035 0040 0070 0060 0030 0070                     
 49 ANGERS     0185 0190 0045 0150 0085 0154 0000 0120                     
 49 BRISSAC    0065 0070 0650 0080 0075 0200 0050 0100                     
 49 BAUGE      0080 0120 0120 0080 0080 0080 0120 0080                     
 50 AVRANCHES  0530 0000 0786 0470 0920 0723 0231 0303                     
 50 GRANVILLE  0340 0000 0270 0108 0146 0091 0000 0000                     
 50 PONTORSON  0726 0000 0491 0517 0753 0993 0070 0582                     
 50 ST JAMES   0431 0000 0466 0352 0200 0200 0313 0065                     
 50 VILLEDIEU  0474 0040 0545 0342 0576 0606 0294 0250                     
 50 CHERBOURG  2100 0000 0630 0999 0724 0724 0092 0183                     
 50 LES PIEUX  0327 0090 0245 0120 0175 0100 0050 0060                     
 50 SAINT LO   0124 0000 1330 0774 1256 0836 0753 0374                     
 51 CHALONS    3792 1413 3697 0001 2630 0000 0000 0000                     
 51 EPERNAY    0197 0374 0136 0087 0071 0000 0000 0000                     
 51 SEZANNE    0548 0872 0151 0083 0084 0000 0000 0000                     
 51 FISMES     0013 0028 0003 0000 0000 0000 0000 0000                     
 52 ST DIZIER  0219 0209 0094 0100 0060 0000 0000 0000                     
 52 JOINVILLE  0381 0348 0151 0090 0050 0028 0000 0000                     
 53 CHATEAUGON 0195 0021 0107 0136 0000 0000 0000 0000                     
 53 CRAON      0060 0050 0030 0023 0020 0011 0020 0020                     
 53 EVRON      0500 2700 0590 0430 0548 0750 0315 0300                     
 53 LAVAL      450013500 3014 2774 4456 2691 1032 0250                     
 53 ERNEE      0900 1200 0950 0420 0599 0893 0355 0390                     
 54 LUNEVILLE  1407 1471 1024 1002 0858 0449 0000 0000                     
 54 BLAMONT    0498 0550 0226 0051 0000 0000 0000 0000                     
 54 BADONVILL  0408 0397 0326 0230 0369 0280 0000 0000                     
 54 NANCY      0097 0048 0029 0000 0000 0000 0000 0000                     
 54 PT A MOUSS 0154 0167 0200 0067 0096 0000 0000 0000                     
 54 SARREBOURG 1546 0662 0684 0739 0540 0000 0000 0000                     
 55 BAR LE DUC 0246 0176 0538 0180 0380 0000 0000 0000                     
 55 VERDUN     0080 0032 0049 0013 0002 0000 0000 0000                     
 56 LOCMINE    0220 0215 0254 0225 0340 0300 0340 0300                     
 56 NAPOLEONVI 0600 0600 0700 0700 0700 0000 0000 0000                     
 56 GUER       0066 0062 0075 0055 0070 0050 0080 0050                     
 56 JOSSELIN   0216 0244 0220 0240 0252 0300 0300 0300                     
 56 MALESTROIT 0040 0085 0040 0052 0110 0049 0135 0049                     
 56 VANNES     0353 0437 0180 0695 0528 0434 0355 0434                     
 58 NEVERS     0183 0279 0181 0072 0038 0077 0053 0004                     
 58 ST PIERRE  0080 0053 0055 0040 0024 0014 0060 0060                     
 58 ST SAULGE  0065 0074 0075 0077 0047 0064 0063 0085                     
 58 COSNE      0059 0018 0071 0032 0000 0024 0013 0010                     
 59 CAMBRAI    8826 1948 6213 4919 6261 2643 3310 0393                     
 59 LE CATEAU  0135 0012 0063 0021 0004 0000 0000 0000                     
 59 ST AMAND   0551 0405 0000 0000 0000 0000 0000 0000                     
 59 DOUAI      5406 2747 6017 4080 7482 4726 5377 2389                     
 59 MARCHIENNE 0400 0190 0250 0250 0250 0250 0132 0060                     
 59 ORCHIES    2100 3700 2160 1080 2196 2640 1592 0800                     
 59 LILLE      5295 3374 3674 1980 3205 2584 2372 0152                     
 60 BEAUVAIS   5154 3110 1806 0986 1108 0564 0556 0406                     
 60 FORMERIE   0664 0086 0526 0468 0568 0986 0310 0420                     
 60 GRDVILLIER 1875 0975 1840 1320 1160 1304 1050 0580                     
 60 MERU       0640 0150 0510 0400 0480 0500 0195 0070                     
 60 NOAILLES   0157 0106 0068 0063 0054 0020 0009 0000                     
 61 ALENCON    1500 2484 0466 0310 0470 0598 0139 0000                     
 61 SEES       1020 0916 0838 0378 0226 0722 0131 0000                     
 61 ARGENTAN   0454 0564 1000 0410 0424 0530 0412 0000                     
 61 BRIOUZE    0347 0680 0404 0256 0242 0190 0060 0000                     
 61 ECOUCHE    0209 0468 0384 0160 0170 0264 0022 0025                     
 61 GACE       0194 0172 0240 0140 0210 0116 0028 0000                     
 61 LE MERLERA 0112 0118 0300 0110 0198 0116 0187 0000                     
 62 ARRAS     11821 1595 9023 4236 9280 7004 5554 4555                     
 62 BAPEAUNE   0311 0116 0421 0303 0602 3056 1790 1374                     
 62 BETHUNE    4761 2273 3081 2511 2277 1873 2387 1118                     
 62 CARVIN     0673 0624 0963 0389 0923 0550 0440 0180                     
 62 BOULOGNE   0834 0676 0318 0132 0134 0043 0000 0000                     
 63 CLERMONT   0978 0972 0270 0277 5228 0291 0248 0040                     
 63 BILLOM     1230 0420 0800 0757 0600 1035 1235 0628                     
 63 RIOM       1461 1106 1544 0654 0845 1038 0351 1263                     
 63 AIGUEPERSE 1442 0447 1044 1476 1562 1788 1334 1086                     
 63 THIERS     0030 0055 0020 0006 0005 0000 0000 0000                     
 63 MARINGUES  2353 1963 1790 1690 1740 1250 2873 2750                     
 64 PAU        1560 2410 1230 0846 0379 0593 0355 0162                     
 64 GARLIN     0330 0480 0350 0359 0121 0251 0032 0036                     
 64 MORLAAS    0015 0058 0013 0038 0025 0190 0040 0020                     
 64 OLORON     0365 0353 0106 0081 0081 0165 0104 0071                     
 64 ARUDY      0050 0050 0020 0024 0020 0020 0020 0020                     
 64 MONEIN     0239 0251 0330 0240 0245 0245 0162 0035                     
 65 TARBES     0260 1000 0700 1600 1600 1600 1770 1760                     
 65 BAGNERES   0055 0130 0040 0100 0100 0100 0022 0025                     
 66 CERET      0028 0024 0012 0020 0020 0020 0002 0010                     
 66 ARLES      0075 0075 0085 0030 0030 0005 0013 0000                     
 70 ST-LOUP    0896 1178 0575 0320 0260 0190 0340 0150                     
 70 LURE       1253 1055 0878 0511 0370 0385 0211 0100                     
 70 LUXEUIL    1200 0835 0420 0247 0207 0155 0044 0200                     
 70 MELISEY    0054 0069 0025 0065 0040 0000 0000 0000                     
 70 VAUVILLERS 0985 0642 0640 0844 0744 0619 0290 0040                     
 71 AUTUN      1198 1105 0798 0382 0200 0357 0237 0171                     
 71 COUCHES    0315 0173 0277 0097 0155 0249 0071 0011                     
 71 CHALON/SAO 0270 0100 0070 0190 0970 0586 0450 0200                     
 71 GIVRY      0217 0180 0125 0051 0000 0586 0000 0000                     
 71 LOUHANS    0930 1827 0520 0674 0513 0162 0240 0080                     
 71 CLUNY      0180 0190 0210 0000 0131 0086 0080 0040                     
 71 ST GENGOUX 0155 0155 0150 0110 0075 0093 0021 0115                     
 71 MACON      1092 1479 0978 0402 0858 1164 0645 0804                     
 72 LE MANS    0576 0734 0201 0241 1927 1560 0234 0155                     
 72 BALLON     0061 0054 0175 0096 0000 0000 0000 0000                     
 72 LOUE       0308 0460 0224 0138 0105 0104 0050 0015                     
 72 MONTFORT   0120 0171 0081 0086 0148 0059 0017 0034                     
 72 SILLE-LE-G 0880 1268 1080 0492 0708 0694 0170 0190                     
 72 BAUMONT    1819 2518 1048 1059 0784 0624 0102 0199                     
 76 BACQUEVILL 3150 0845 1488 1970 1990 1900 0930 1400                     
 76 DIEPPE     1534 0328 0980 0915 1480 1437 0731 1213                     
 76 ENVERMEU   0620 0300 0360 0356 0510 1010 0150 0278                     
 76 EU         1114 0330 0180 0406 0300 0582 0254 0712                     
 76 TOTES      1225 0250 0660 0664 0844 0410 0453 0312                     
 76 BOLBEC     1555 1187 1297 1445 1725 1570 1129 1742                     
 76 FECAMP     1903 0658 1460 1478 2044 1491 0560 1180                     
 76 ROUEN      1912 1575 1288 1239 1471 2195 0890 0907                     
 77 COULOMMIER 0912 1725 0618 0153 0088 0039 0000 0000                     
 77 LA FERTE-G 0806 0601 0648 0160 0032 0040 0000 0000                     
 77 BEAUMONT   0108 0060 0072 0015 0012 0000 0000 0000                     
 77 EGREVILLE  0859 1084 0619 0250 0901 0979 0541 0177                     
 77 MONTEREAU  3918 1729 3202 1749 2655 1386 0555 0135                     
    MANTES     1335 0610 0980 0900 0975 1063 0440 0000                     
    HOUDAN     2070 1650 2875 1950 3150 2500 1200 0000                     
    PONTOISE   0680 0795 1260 0410 0270 0075 0048 0000                     
 79 THOUARS    0202 0066 0166 0173 0089 0180 0000 0000                     
 79 BRESSUIRE  0022 0055 0000 0000 0000 0000 0000 0000                     
 79 PARTENAY   0110 0359 0089 0180 0299 0224 0286 0096                     
 79 NIORT      0407 0180 0325 0245 0132 0189 0233 0048                     
 80 ABBEVILLE  1545 1013 1134 1440 1962 2543 0817 0656                     
 80 GAMACHES   0118 0230 0326 0346 0415 0364 0184 0270                     
 80 ST VALERY  0180 0022 0048 0054 0000 0000 0060 0000                     
 80 AMIENS     5459 1522 2910 1837 2375 1561 0801 0306                     
 80 CORBIE     0198 0063 0033 0047 0000 0000 0000 0000                     
 80 OISEMONT   1054 0406 0450 0490 0420 0580 0205 0400                     
 81 ALBI       1127 1575 0588 0938 0504 0490 1148 0483                     
 81 REALMONT   0250 0200 0245 0280 0250 0251 0205 0117                     
 81 CASTRES    0974 4354 0910 0331 1621 0583 0807 1448                     
 81 GAILLAC    0222 0705 0476 0660 0400 0530 0080 0095                     
 81 RABASTENS  0070 0063 0108 1400 3100 0700 0050 0000                     
 82 MONTAUBAN  0093 0048 0098 0184 0282 0171 0181 0245                     
 82 CAUSSADE   0117 0121 0075 0030 0015 0030 0350 0040                     
 82 CAYLUS     0264 0044 0015 0057 0231 0160 0140 0160                     
 82 ST ANTONIN 0070 0050 0023 0008 0000 0000 0000 0030                     
 83 BRIGNOLES  0024 0000 0012 0000 0000 0000 0000 0000                     
 83 BARJOLS    0136 0040 0095 0001 0080 0040 0051 0010                     
 83 COTIGNAC   0190 0001 0103 0000 0000 0000 0000 0000                     
 83 ST MAXIMIN 0280 0691 0260 0001 0019 0059 0338 0064                     
 83 RIANS      0064 0065 0017 0020 0114 0032 0064 0044                     
 84 APT        0256 0233 0265 0825 0782 1263 1356 0816                     
 84 PERTUIS    0400 0310 1080 3950 1110 2500 0880 1670                     
 84 AVIGNON    0555 0634 0142 0009 0013 0026 0000 0035                     
 85 FONTENAY   0138 0123 0090 0100 0150 0020 0050 0000                     
 85 LUCON      0425 0370 1850 2700 5000 4300 5600 7500                     
 86 POITIERS   0150 0274 0115 0084 0069 0072 0070 0131                     
 86 CHATELLERA 0200 0085 0370 0324 0114 0060 0020 0030                     
 86 CIVRAY     0701 0330 0739 0620 0629 0615 0517 0326                     
 87 BELLAC     0001 0001 0000 0000 0000 0000 0000 0000                     
 87 LE DORAT   0001 0032 0111 0154 0152 0103 0106 0000                     
 88 BRUYERES   0175 0170 0328 0268 0211 0338 0051 0000                     
 88 CHARMES    0980 0705 0463 0298 0110 0193 0000 0000                     
 88 EPINAL     0545 0423 0565 0279 0576 0136 0035 0000                     
 88 MIRECOURT  1220 1613 1165 0387 0384 0396 0000 0000                     
 88 NEUFCHATEA 0560 0640 0167 0258 0205 0121 0066 0017                     
 89 AUXERRE    0725 0336 0371 0469 0508 0328 0290 0120                     
 89 ST FLORENT 4275 2222 1932 2579 1926 1949 0888 0392                     
 89 TOUEY      0255 0555 0338 0291 0921 0605 0125 0242                     
 89 VERMENTON  0124 0038 0019 0032 0040 0018 0000 0000                     
